image_width: 1280
image_height: 960
camera_name: narrow_stereo
camera_matrix:
  rows: 3
  cols: 3
  data: [759.776408, 0.000000, 623.778275, 0.000000, 762.038816, 516.127988, 0.000000, 0.000000, 1.000000]
distortion_model: plumb_bob
distortion_coefficients:
  rows: 1
  cols: 5
  data: [-0.293319, 0.076390, -0.001323, -0.002361, 0.000000]
rectification_matrix:
  rows: 3
  cols: 3
  data: [1.000000, 0.000000, 0.000000, 0.000000, 1.000000, 0.000000, 0.000000, 0.000000, 1.000000]
projection_matrix:
  rows: 3
  cols: 4
  data: [571.471558, 0.000000, 605.597137, 0.000000, 0.000000, 658.131592, 526.484726, 0.000000, 0.000000, 0.000000, 1.000000, 0.000000]
