image_width: 640
image_height: 480
camera_name: narrow_stereo
camera_matrix:
  rows: 3
  cols: 3
  data: [389.230527, 0.000000, 353.493250, 0.000000, 389.915812, 228.420794, 0.000000, 0.000000, 1.000000]
distortion_model: plumb_bob
distortion_coefficients:
  rows: 1
  cols: 5
  data: [-0.179787, 0.045633, 0.000106, -0.001364, 0.000000]
rectification_matrix:
  rows: 3
  cols: 3
  data: [1.000000, 0.000000, 0.000000, 0.000000, 1.000000, 0.000000, 0.000000, 0.000000, 1.000000]
projection_matrix:
  rows: 3
  cols: 4
  data: [341.009552, 0.000000, 359.843883, 0.000000, 0.000000, 362.014709, 226.734702, 0.000000, 0.000000, 0.000000, 1.000000, 0.000000]
