image_width: 640
image_height: 480
camera_name: narrow_stereo
camera_matrix:
  rows: 3
  cols: 3
  data: [ 388.615075, 0.000000, 345.059392, 0.000000, 389.602095, 226.528325, 0.000000, 0.000000, 1.000000 ]
distortion_model: plumb_bob
distortion_coefficients:
  rows: 1
  cols: 5
  data: [ -0.179921, 0.044878, 0.000197, -0.000950, 0.000000 ]
rectification_matrix:
  rows: 3
  cols: 3
  data: [1.000000, 0.000000, 0.000000, 0.000000, 1.000000, 0.000000, 0.000000, 0.000000, 1.000000]
projection_matrix:
  rows: 3
  cols: 4
  data: [340.112274, 0.000000, 350.098841, 0.000000, 0.000000, 361.700226, 224.593049, 0.000000, 0.000000, 0.000000, 1.000000, 0.000000]
