image_width: 1280
image_height: 960
camera_name: narrow_stereo
camera_matrix:
  rows: 3
  cols: 3
  data: [764.513603, 0.000000, 645.239198, 0.000000, 765.948097, 485.536466, 0.000000, 0.000000, 1.000000]
distortion_model: plumb_bob
distortion_coefficients:
  rows: 1
  cols: 5
  data: [-0.312517, 0.095798, -0.000326, 0.000250, 0.000000]
rectification_matrix:
  rows: 3
  cols: 3
  data: [1.000000, 0.000000, 0.000000, 0.000000, 1.000000, 0.000000, 0.000000, 0.000000, 1.000000]
projection_matrix:
  rows: 3
  cols: 4
  data: [583.197815, 0.000000, 648.017000, 0.000000, 0.000000, 659.874268, 486.934253, 0.000000, 0.000000, 0.000000, 1.000000, 0.000000]
